Date,CI Long Risk,CI Long Other,CI Long Total,CI Long Risk Change,CI Long Other Change,CI Long Total Change,CI Long Risk POI,CI Long Other POI,CI Long Total POI,CI Short Risk,CI Short Other,CI Short Total,CI Short Risk Change,CI Short Other Change,CI Short Total Change,CI Short Risk POI,CI Short Other POI,CI Short Total POI,IF Long Risk,IF Long Other,IF Long Total,IF Long Risk Change,IF Long Other Change,IF Long Total Change,IF Long Risk POI,IF Long Other POI,IF Long Total POI,IF Short Risk,IF Short Other,IF Short Total,IF Short Risk Change,IF Short Other Change,IF Short Total Change,IF Short Risk POI,IF Short Other POI,IF Short Total POI,OFI Long Risk,OFI Long Other,OFI Long Total,OFI Long Risk Change,OFI Long Other Change,OFI Long Total Change,OFI Long Risk POI,OFI Long Other POI,OFI Long Total POI,OFI Short Risk,OFI Short Other,OFI Short Total,OFI Short Risk Change,OFI Short Other Change,OFI Short Total Change,OFI Short Risk POI,OFI Short Other POI,OFI Short Total POI,CU Long Risk,CU Long Other,CU Long Total,CU Long Risk Change,CU Long Other Change,CU Long Total Change,CU Long Risk POI,CU Long Other POI,CU Long Total POI,CU Short Risk,CU Short Other,CU Short Total,CU Short Risk Change,CU Short Other Change,CU Short Total Change,CU Short Risk POI,CU Short Other POI,CU Short Total POI
2021-11-19,6288,68247.45,74535.45,118,1013.42,1131.42,0.0419,0.4547,0.4966,2753.17,61548.62,64301.79,191.19,876.73,1067.92,0.0181,0.4046,0.4227,0,24648.95,24648.95,0,-918.18,-918.18,0,0.1642,0.1642,7,10613.14,10620.14,6,3164.57,3170.57,0,0.0698,0.0698,519,18529.72,19048.72,-351,-747.75,-1098.75,0.0035,0.1235,0.127,3514,8041.1,11555.1,-175,-560.31,-735.31,0.0231,0.0529,0.076,24487.47,7363.42,31850.89,2475.01,-168.47,2306.54,0.1632,0.0491,0.2123,58596.64,7064.91,65661.55,-132.97,44.86,-88.11,0.3852,0.0464,0.4316
2021-11-26,6069,64829.18,70898.18,-219,-3456.27,-3675.27,0.042,0.4491,0.4911,2018.75,58884.21,60902.96,-734.42,-2685.3,-3419.72,0.0138,0.4036,0.4174,0,22486.7,22486.7,0,-2162.25,-2162.25,0,0.1558,0.1558,1,10354.07,10355.07,-6,-259.07,-265.07,0,0.071,0.071,519,17470.97,17989.97,0,-1058.75,-1058.75,0.0036,0.121,0.1246,3280,7435.08,10715.08,-234,-606.02,-840.02,0.0225,0.051,0.0735,24959.91,8016.57,32976.48,472.44,653.15,1125.59,0.1729,0.0555,0.2284,56783.17,7130.1,63913.27,-1813.47,65.19,-1748.28,0.3892,0.0489,0.4381
2021-12-03,5314,62933.83,68247.83,-755,-1943.35,-2698.35,0.038,0.4503,0.4883,2075.84,57310.36,59386.2,57.09,-1621.85,-1564.76,0.0147,0.4064,0.4211,0,21485.76,21485.76,0,-1000.94,-1000.94,0,0.1537,0.1537,5,11364.37,11369.37,4,1010.3,1014.3,0,0.0806,0.0806,358,16247.55,16605.55,-161,-1223.42,-1384.42,0.0026,0.1163,0.1189,2673,6383.53,9056.53,-607,-1051.55,-1658.55,0.019,0.0453,0.0643,26483.66,6924.13,33407.79,1523.75,-1092.44,431.31,0.1895,0.0495,0.239,55289.92,5925.81,61215.73,-1493.25,-1204.29,-2697.54,0.392,0.042,0.434
2021-12-10,6132.14,65468.52,71600.66,818.14,2535.69,3353.83,0.0426,0.4547,0.4973,2304.49,60831.04,63135.53,228.65,3521.68,3750.33,0.0157,0.4147,0.4304,1,19345.75,19346.75,1,-2140.01,-2139.01,0,0.1344,0.1344,0,11333.85,11333.85,-5,-30.52,-35.52,0,0.0773,0.0773,265,15198.68,15463.68,-93,-1048.87,-1141.87,0.0018,0.1056,0.1074,2649,6221.08,8870.08,-24,-162.45,-186.45,0.0181,0.0424,0.0605,29268.84,8308.11,37576.95,2785.18,1383.98,4169.16,0.2033,0.0577,0.261,55992.31,7345.15,63337.46,702.39,1419.34,2121.73,0.3817,0.0501,0.4318
2022-01-21,5617,64457.19,70074.19,-414,-3022.39,-3436.39,0.0452,0.5183,0.5635,2781.8,56687.42,59469.22,315,-3788.52,-3473.52,0.022,0.4482,0.4702,0,23048.59,23048.59,-3,366.1,363.1,0,0.1853,0.1853,0,9985.8,9985.8,0,-400.51,-400.51,0,0.079,0.079,177,9853,10030,-121,-467,-588,0.0014,0.0792,0.0806,2256,2183,4439,-255,-77,-332,0.0178,0.0173,0.0351,14224.59,6981.25,21205.84,-2906.24,-760.24,-3666.48,0.1144,0.0561,0.1705,46268.47,6305.78,52574.25,-2106.97,-943.5,-3050.47,0.3659,0.0499,0.4158
2022-01-28,5719,64115.23,69834.23,102,-279.96,-177.96,0.0457,0.5118,0.5575,2718.68,57238.79,59957.47,-63.12,613.37,550.25,0.0214,0.4498,0.4712,0,22963.85,22963.85,0,-84.74,-84.74,0,0.1833,0.1833,3,12039.27,12042.27,3,2053.47,2056.47,0,0.0946,0.0946,177,10066,10243,0,213,213,0.0014,0.0804,0.0818,2190,1976,4166,-66,-207,-273,0.0172,0.0155,0.0327,16083.24,6145.93,22229.17,1858.65,-835.32,1023.33,0.1284,0.0491,0.1775,45651.87,5437.19,51089.06,-616.6,-868.59,-1485.19,0.3587,0.0427,0.4014
2022-02-04,5768,74406.96,80174.96,49,10320.73,10369.73,0.044,0.5676,0.6116,2507.43,64321.31,66828.74,-211.25,7111.52,6900.27,0.019,0.4864,0.5054,0,18198.45,18198.45,0,-4765.4,-4765.4,0,0.1388,0.1388,4,13909.64,13913.64,1,1870.37,1871.37,0,0.1052,0.1052,272,6966,7238,95,-3100,-3005,0.0021,0.0531,0.0552,2275,1705,3980,85,-271,-186,0.0172,0.0129,0.0301,18592.81,6895.5,25488.31,2488.57,749.57,3238.14,0.1418,0.0526,0.1944,41949.17,5575.01,47524.18,-3702.7,137.82,-3564.88,0.3172,0.0422,0.3594
2022-02-11,6357,78642.75,84999.75,589,4235.79,4824.79,0.0475,0.5874,0.6349,2627.29,69337.62,71964.91,119.86,5016.31,5136.17,0.0194,0.5107,0.5301,0,15311.61,15311.61,0,-2886.84,-2886.84,0,0.1144,0.1144,1,12706,12707,-3,-1203.64,-1206.64,0,0.0936,0.0936,372,7287.98,7659.98,100,321.98,421.98,0.0028,0.0544,0.0572,2556,1585,4141,281,-120,161,0.0188,0.0117,0.0305,18922.68,6992.17,25914.85,329.87,96.67,426.54,0.1413,0.0522,0.1935,41495.01,5449.97,46944.98,-454.16,-125.04,-579.2,0.3057,0.0401,0.3458
2022-02-18,5105,76011.21,81116.21,-1252,-2631.54,-3883.54,0.0379,0.5646,0.6025,2622.71,67462.55,70085.26,-4.58,-1875.07,-1879.65,0.0192,0.4928,0.512,1,20066.92,20067.92,1,4755.31,4756.31,0,0.149,0.149,0,11868.24,11868.24,-1,-837.76,-838.76,0,0.0867,0.0867,382,8297.98,8679.98,10,1010,1020,0.0028,0.0616,0.0644,1710,1596,3306,-846,11,-835,0.0125,0.0117,0.0242,17509.28,7262.61,24771.89,-1413.4,270.44,-1142.96,0.13,0.0539,0.1839,45514.14,6132.54,51646.68,4019.13,682.57,4701.7,0.3324,0.0448,0.3772
2022-02-25,5374,76963.42,82337.42,269,952.21,1221.21,0.0384,0.55,0.5884,3077.47,68354.52,71431.99,454.76,891.97,1346.73,0.0216,0.4807,0.5023,0,22300.19,22300.19,-1,2233.27,2232.27,0,0.1594,0.1594,1,10769.3,10770.3,1,-1098.94,-1097.94,0,0.0757,0.0757,478,8225.98,8703.98,96,-72,24,0.0034,0.0588,0.0622,1889,1601,3490,179,5,184,0.0133,0.0113,0.0246,18769.35,7832.55,26601.9,1260.07,569.94,1830.01,0.1341,0.056,0.1901,49240.33,7273.63,56513.96,3726.19,1141.09,4867.28,0.3463,0.0511,0.3974
2022-03-04,5520,76830.44,82350.44,146,-150.98,-4.98,0.0372,0.518,0.5552,3267.86,68189.54,71457.4,190.39,-182.98,7.41,0.0217,0.4524,0.4741,0,28056.93,28056.93,0,5756.74,5756.74,0,0.1892,0.1892,2,10752.3,10754.3,1,-17,-16,0,0.0713,0.0713,478,8432.98,8910.98,0,207,207,0.0032,0.0569,0.0601,2086,1766,3852,197,165,362,0.0138,0.0117,0.0255,21280.89,7722.71,29003.6,2501.54,-111.84,2389.7,0.1435,0.0521,0.1956,57778.08,6882.42,64660.5,8505.75,-393.21,8112.54,0.3833,0.0457,0.429
2022-03-11,5353,78595.64,83948.64,-167,1765.2,1598.2,0.0364,0.5338,0.5702,2701.56,71519.8,74221.36,-566.3,3330.26,2763.96,0.0182,0.4829,0.5011,0,27953.79,27953.79,0,-103.14,-103.14,0,0.1899,0.1899,6,8807.46,8813.46,4,-1944.84,-1940.84,0,0.0595,0.0595,396,5731,6127,-82,-2701.98,-2783.98,0.0027,0.0389,0.0416,2159,1707,3866,73,-59,14,0.0146,0.0115,0.0261,22367.24,6832.07,29199.31,1086.35,-890.64,195.71,0.1519,0.0464,0.1983,55330.39,5885.12,61215.51,-2447.69,-997.3,-3444.99,0.3736,0.0397,0.4133
2022-03-18,5639,79380,85019,286,784.36,1070.36,0.0401,0.5642,0.6043,2705.68,74223.89,76929.57,4.12,2704.09,2708.21,0.019,0.5218,0.5408,0,20687.2,20687.2,0,-7266.59,-7266.59,0,0.147,0.147,6,8764.69,8770.69,0,-42.77,-42.77,0,0.0616,0.0616,226,5589,5815,-170,-142,-312,0.0016,0.0397,0.0413,1686,1458,3144,-473,-249,-722,0.0119,0.0102,0.0221,22634.73,6542.9,29177.63,266.49,-289.17,-22.68,0.1609,0.0465,0.2074,48453.48,4958.36,53411.84,-7668.83,-926.76,-8595.59,0.3406,0.0349,0.3755
2022-03-25,6079,78823.57,84902.57,440,-556.43,-116.43,0.0438,0.5674,0.6112,3258.92,73465.73,76724.65,553.24,-758.16,-204.92,0.0232,0.522,0.5452,0,18747.15,18747.15,0,-1940.05,-1940.05,0,0.1349,0.1349,1,7374.55,7375.55,-5,-1390.14,-1395.14,0,0.0524,0.0524,647,5353,6000,421,-236,185,0.0047,0.0385,0.0432,1825,1307,3132,139,-151,-12,0.013,0.0093,0.0223,22234.84,7043.35,29278.19,-399.89,500.45,100.56,0.16,0.0507,0.2107,48590.36,4926.8,53517.16,136.88,-31.56,105.32,0.3452,0.035,0.3802
2022-04-01,6079,78869.85,84948.85,0,68.28,68.28,0.0432,0.5599,0.6031,3783.26,74136.99,77920.25,524.34,616.26,1140.6,0.0265,0.5184,0.5449,0,21604.93,21604.93,0,2857.78,2857.78,0,0.1534,0.1534,0,6496.25,6496.25,-1,-878.3,-879.3,0,0.0454,0.0454,597,5384,5981,-50,31,-19,0.0042,0.0382,0.0424,1738,1232,2970,-87,-75,-162,0.0122,0.0086,0.0208,21377.26,6942.44,28319.7,-857.58,-100.91,-958.49,0.1518,0.0493,0.2011,50250.58,5374.14,55624.72,1660.22,447.34,2107.56,0.3514,0.0376,0.389
2022-04-08,6150,76747.09,82897.09,71,-2122.76,-2051.76,0.0438,0.546,0.5898,3862.88,72311.41,76174.29,79.62,-1825.58,-1745.96,0.0272,0.5095,0.5367,0,23720.95,23720.95,0,2111.02,2111.02,0,0.1688,0.1688,2,6099.84,6101.84,2,-396.41,-394.41,0,0.043,0.043,771,5067,5838,174,-317,-143,0.0055,0.0361,0.0416,2128,1388,3516,390,156,546,0.015,0.0098,0.0248,21359.48,6735.64,28095.12,-17.78,-206.8,-224.58,0.152,0.0479,0.1999,50395.28,5741.77,56137.05,144.7,367.63,512.33,0.3551,0.0405,0.3956
2022-04-22,5608,75988.67,81596.67,-984,2058.5,1074.5,0.0402,0.5444,0.5846,3786.62,72319.28,76105.9,-104.95,1953.52,1848.57,0.0268,0.5122,0.539,0,24875.18,24875.18,-1,-160.77,-161.77,0,0.1782,0.1782,3,5587.57,5590.57,3,42.92,45.92,0,0.0396,0.0396,688,5060,5748,-44,198,154,0.0049,0.0363,0.0412,1499,1129,2628,-604,-31,-635,0.0106,0.008,0.0186,21166.47,6195.17,27361.64,-271.92,-216.95,-488.87,0.1516,0.0444,0.196,51912.63,4946.84,56859.47,-427.46,-277.8,-705.26,0.3677,0.035,0.4027
2022-05-06,5231,78905.51,84136.51,-279,562.85,283.85,0.0384,0.5791,0.6175,3161.31,73645.5,76806.81,-393.6,306.12,-87.48,0.0231,0.5372,0.5603,0,17753.8,17753.8,0,-2026.54,-2026.54,0,0.1303,0.1303,6,8101.37,8107.37,0,679.38,679.38,0,0.0591,0.0591,848,4282,5130,4,-162,-158,0.0062,0.0314,0.0376,1545,877,2422,-70,-42,-112,0.0113,0.0064,0.0177,22866.53,6376.96,29243.49,610.63,-214.46,396.17,0.1678,0.0468,0.2146,44713.49,5043.52,49757.01,-2183.28,-34.12,-2217.4,0.3262,0.0368,0.363
2022-05-13,6049,78898.65,84947.65,818,-71.86,746.14,0.0455,0.594,0.6395,4323.05,72177.65,76500.7,1161.74,-1523.85,-362.11,0.0325,0.5419,0.5744,0,13100.65,13100.65,0,-4653.15,-4653.15,0,0.0986,0.0986,5,9859.41,9864.41,-1,1758.04,1757.04,0,0.074,0.074,1440,4164,5604,592,-118,474,0.0108,0.0313,0.0421,2006,1000,3006,461,123,584,0.0151,0.0075,0.0226,24178.09,5002.13,29180.22,1311.56,-1374.83,-63.27,0.182,0.0377,0.2197,40129.91,3704.43,43834.34,-4583.58,-1339.09,-5922.67,0.3013,0.0278,0.3291
2022-05-20,7068,76833.52,83901.52,1019,-2065.13,-1046.13,0.0545,0.5924,0.6469,4555.64,67669.92,72225.56,232.59,-4507.73,-4275.14,0.0353,0.5251,0.5604,0,12863.88,12863.88,0,-236.77,-236.77,0,0.0992,0.0992,6,11697.45,11703.45,1,1838.04,1839.04,0,0.0908,0.0908,2051,3632,5683,611,-532,79,0.0158,0.028,0.0438,2863,1137,4000,857,137,994,0.0222,0.0088,0.031,22203.82,5054.35,27258.17,-1974.27,52.22,-1922.05,0.1712,0.039,0.2102,37757.38,3196.34,40953.72,-2372.53,-508.09,-2880.62,0.293,0.0248,0.3178
2022-06-03,7539,78118.89,85657.89,-8,-1778.03,-1786.03,0.0586,0.6077,0.6663,4786.77,73865.27,78652.04,129.47,-1016.89,-887.42,0.0367,0.5668,0.6035,0,12727.89,12727.89,0,485.29,485.29,0,0.099,0.099,5,11099.97,11104.97,1,-572.51,-571.51,0,0.0852,0.0852,2403,3211,5614,6,-253,-247,0.0187,0.025,0.0437,3107,1049,4156,-142,-27,-169,0.0238,0.008,0.0318,18840.46,5713,24553.46,-2925.19,208.02,-2717.17,0.1466,0.0444,0.191,32505.63,3912.67,36418.3,-2923.61,116.95,-2806.66,0.2494,0.03,0.2794
2022-06-10,7756,74221.64,81977.64,217,-3897.25,-3680.25,0.0619,0.5924,0.6543,5294.59,69000.13,74294.72,507.82,-4865.14,-4357.32,0.0417,0.5429,0.5846,0,14776.89,14776.89,0,2049,2049,0,0.1179,0.1179,3,10294.37,10297.37,-2,-805.6,-807.6,0,0.081,0.081,2211,2865,5076,-192,-346,-538,0.0176,0.0229,0.0405,2995,976,3971,-112,-73,-185,0.0236,0.0077,0.0313,17971.36,5486,23457.36,-869.1,-227,-1096.1,0.1434,0.0438,0.1872,34676.14,3862.33,38538.47,2170.51,-50.34,2120.17,0.2728,0.0304,0.3032
2022-06-17,6980,73527.1,80507.1,-776,-694.54,-1470.54,0.0578,0.6083,0.6661,4596.9,67239.53,71836.43,-697.69,-1760.6,-2458.29,0.0374,0.5475,0.5849,0,13321.89,13321.89,0,-1455,-1455,0,0.1102,0.1102,4,12446.5,12450.5,1,2152.13,2153.13,0,0.1014,0.1014,2117,2843,4960,-94,-22,-116,0.0175,0.0235,0.041,2825,1014,3839,-170,38,-132,0.023,0.0083,0.0313,16669.87,5405,22074.87,-1301.49,-81,-1382.49,0.1379,0.0447,0.1826,30848,3829.1,34677.1,-3828.14,-33.23,-3861.37,0.2512,0.0312,0.2824
2022-06-24,6787,76465.65,83252.65,-85,2948.55,2863.55,0.0544,0.6134,0.6678,3874.62,68005.23,71879.85,-664.28,774.7,110.42,0.0308,0.5403,0.5711,1,12274.09,12275.09,1,-1047.8,-1046.8,0,0.0985,0.0985,2,15578.17,15580.17,-2,3131.67,3129.67,0,0.1238,0.1238,1762,2245,4007,-355,-598,-953,0.0141,0.018,0.0321,2909,1047,3956,84,33,117,0.0231,0.0083,0.0314,19322.27,5802,25124.27,2652.4,397,3049.4,0.155,0.0465,0.2015,30283.22,4169.44,34452.66,-564.78,340.34,-224.44,0.2406,0.0331,0.2737
2022-07-01,6553,80669.05,87222.05,-234,4203.4,3969.4,0.0494,0.6078,0.6572,3540.8,72720.35,76261.15,-333.82,4715.12,4381.3,0.0263,0.5411,0.5674,1,12803.45,12804.45,0,529.36,529.36,0,0.0965,0.0965,3,18965.68,18968.68,1,3387.51,3388.51,0,0.1411,0.1411,1603,2193,3796,-159,-52,-211,0.0121,0.0165,0.0286,2989,1205,4194,80,158,238,0.0222,0.009,0.0312,21973.05,6919.59,28892.64,2650.78,1117.59,3768.37,0.1656,0.0521,0.2177,30287.21,4678.4,34965.61,3.99,508.96,512.95,0.2254,0.0348,0.2602
2022-07-08,5532,82117.16,87649.16,-1021,1417.11,396.11,0.0428,0.6351,0.6779,2519.72,72891.6,75411.32,-1021.08,140.25,-880.83,0.0194,0.5598,0.5792,1,13741.83,13742.83,0,938.38,938.38,0,0.1063,0.1063,5,20672.24,20677.24,2,1686.56,1688.56,0,0.1588,0.1588,1314,1975,3289,-289,-218,-507,0.0102,0.0153,0.0255,2907,1035,3942,-82,-170,-252,0.0223,0.0079,0.0302,17179.68,7428.95,24608.63,-4793.37,509.36,-4284.01,0.1329,0.0575,0.1904,25125.1,5049.77,30174.87,-5162.11,371.37,-4790.74,0.193,0.0388,0.2318
2022-07-15,5801,83210.66,89011.66,269,1093.5,1362.5,0.0445,0.6383,0.6828,1591.18,73752.31,75343.49,-928.54,860.71,-67.83,0.0121,0.561,0.5731,3,13159.34,13162.34,2,-582.49,-580.49,0,0.1009,0.1009,1,20120.08,20121.08,-4,-552.16,-556.16,0,0.153,0.153,439,1966,2405,-875,-9,-884,0.0034,0.0151,0.0185,2897,1045,3942,-10,10,0,0.022,0.0079,0.0299,18668.2,7118.71,25786.91,1488.52,-310.24,1178.28,0.1432,0.0546,0.1978,27141.09,4913.67,32054.76,2015.99,-136.1,1879.89,0.2065,0.0374,0.2439
