Date,CI Long Risk,CI Long Other,CI Long Total,CI Long Risk Change,CI Long Other Change,CI Long Total Change,CI Long Risk POI,CI Long Other POI,CI Long Total POI,CI Short Risk,CI Short Other,CI Short Total,CI Short Risk Change,CI Short Other Change,CI Short Total Change,CI Short Risk POI,CI Short Other POI,CI Short Total POI,IF Long Risk,IF Long Other,IF Long Total,IF Long Risk Change,IF Long Other Change,IF Long Total Change,IF Long Risk POI,IF Long Other POI,IF Long Total POI,IF Short Risk,IF Short Other,IF Short Total,IF Short Risk Change,IF Short Other Change,IF Short Total Change,IF Short Risk POI,IF Short Other POI,IF Short Total POI,OFI Long Risk,OFI Long Other,OFI Long Total,OFI Long Risk Change,OFI Long Other Change,OFI Long Total Change,OFI Long Risk POI,OFI Long Other POI,OFI Long Total POI,OFI Short Risk,OFI Short Other,OFI Short Total,OFI Short Risk Change,OFI Short Other Change,OFI Short Total Change,OFI Short Risk POI,OFI Short Other POI,OFI Short Total POI,CU Long Risk,CU Long Other,CU Long Total,CU Long Risk Change,CU Long Other Change,CU Long Total Change,CU Long Risk POI,CU Long Other POI,CU Long Total POI,CU Short Risk,CU Short Other,CU Short Total,CU Short Risk Change,CU Short Other Change,CU Short Total Change,CU Short Risk POI,CU Short Other POI,CU Short Total POI
2021-11-19,14365.44,134699.37,149064.81,-289.35,-3971.51,-4260.86,0.0526,0.4933,0.5459,6288.76,156114.56,162403.32,-514.16,-7827.2,-8341.36,0.0231,0.5733,0.5964,12,45321.38,45333.38,-3,1729.89,1726.89,0,0.166,0.166,0,8528.09,8528.09,0,544.93,544.93,0,0.0313,0.0313,1968,34249.44,36217.44,-1226,-1654.59,-2880.59,0.0072,0.1254,0.1326,7158,12940.26,20098.26,-714,-419.38,-1133.38,0.0263,0.0475,0.0738,32347.27,10084.79,42432.06,-6215.59,-398.33,-6613.92,0.1185,0.0369,0.1554,70944.87,10329.27,81274.14,-2975.03,-230.3,-3205.33,0.2605,0.0379,0.2984
2021-11-26,14976.05,142223.52,157199.57,610.61,7524.15,8134.76,0.0519,0.4925,0.5444,6302,165578.07,171880.07,13.24,9463.51,9476.75,0.0219,0.5761,0.598,10,47184.49,47194.49,-2,1864.11,1862.11,0,0.1634,0.1634,0,7818.91,7818.91,0,-709.18,-709.18,0,0.0272,0.0272,2277,35235.73,37512.73,309,986.29,1295.29,0.0079,0.122,0.1299,7540,14568.61,22108.61,382,1628.35,2010.35,0.0262,0.0507,0.0769,34527.3,12335.85,46863.15,2180.03,2251.06,4431.09,0.1196,0.0427,0.1623,74775.42,10839.84,85615.26,3830.55,510.57,4341.12,0.2602,0.0377,0.2979
2021-12-03,15421,135266.93,150687.93,444.95,-6956.59,-6511.64,0.0542,0.4757,0.5299,7015,161891.09,168906.09,713,-3686.98,-2973.98,0.0246,0.5687,0.5933,11,47890.28,47901.28,1,705.79,706.79,0,0.1684,0.1684,0,9028.38,9028.38,0,1209.47,1209.47,0,0.0317,0.0317,2240,35788.89,38028.89,-37,553.16,516.16,0.0079,0.1259,0.1338,7574,15166.78,22740.78,34,598.17,632.17,0.0266,0.0533,0.0799,34998.4,12727.65,47726.05,471.1,391.8,862.9,0.1231,0.0448,0.1679,72970.2,11039,84009.2,-1805.22,199.16,-1606.06,0.2563,0.0388,0.2951
2021-12-10,15150,133225.6,148375.6,-271,-2041.33,-2312.33,0.0538,0.4727,0.5265,7127.8,161267.43,168395.23,112.8,-623.66,-510.86,0.0252,0.5712,0.5964,10,46915.85,46925.85,-1,-974.43,-975.43,0,0.1665,0.1665,0,8531.08,8531.08,0,-497.3,-497.3,0,0.0302,0.0302,2726,39126,41852,486,3337.11,3823.11,0.0097,0.1388,0.1485,7737,14099.04,21836.04,163,-1067.74,-904.74,0.0274,0.0499,0.0773,32237.57,12432.69,44670.26,-2760.83,-294.96,-3055.79,0.1144,0.0441,0.1585,71754.85,11815.02,83569.87,-1215.35,776.02,-439.33,0.2542,0.0418,0.296
2022-01-21,11961,156010.35,167971.35,-2407,5088.1,2681.1,0.0423,0.5516,0.5939,5831.22,167970.41,173801.63,120.76,-1348.14,-1227.38,0.0207,0.5951,0.6158,9,50029.68,50038.68,-7,-949.29,-956.29,0,0.1769,0.1769,0,9258.87,9258.87,0,383.12,383.12,0,0.0328,0.0328,1208,21827.08,23035.08,-934,-2543.48,-3477.48,0.0043,0.0772,0.0815,2789,5904.92,8693.92,-2605,-514.06,-3119.06,0.0099,0.0209,0.0308,29457.94,12316.29,41774.23,-5986.42,-1157.72,-7144.14,0.1042,0.0435,0.1477,77424.4,13083.36,90507.76,-3429.67,-843.78,-4273.45,0.2743,0.0464,0.3207
2022-01-28,11307,157429.92,168736.92,-654,1419.57,765.57,0.0401,0.5578,0.5979,6556.71,166726.25,173282.96,725.49,-1244.16,-518.67,0.0232,0.5902,0.6134,16,49103.15,49119.15,7,-926.53,-919.53,0.0001,0.174,0.1741,0,9336.8,9336.8,0,77.93,77.93,0,0.0331,0.0331,1673,22510.82,24183.82,465,683.74,1148.74,0.0059,0.0798,0.0857,2391,6705.77,9096.77,-398,800.85,402.85,0.0085,0.0237,0.0322,29555.48,10641,40196.48,97.54,-1675.29,-1577.75,0.1047,0.0377,0.1424,77625.04,13153.57,90778.61,200.64,70.21,270.85,0.2748,0.0466,0.3214
2022-02-04,11271,153544.14,164815.14,-36,-3888.78,-3924.78,0.0405,0.5511,0.5916,6256.32,161707.91,167964.23,-300.39,-5018.34,-5318.73,0.0225,0.5821,0.6046,16,50375.45,50391.45,0,1272.3,1272.3,0.0001,0.1808,0.1809,0,9636.45,9636.45,0,299.65,299.65,0,0.0347,0.0347,1719,21814.88,23533.88,46,-695.94,-649.94,0.0062,0.0783,0.0845,2405,7093.77,9498.77,14,388,402,0.0087,0.0255,0.0342,28923.49,10936.88,39860.37,-631.99,295.88,-336.11,0.1038,0.0393,0.1431,76709.59,13972.51,90682.1,-940.45,818.94,-121.51,0.2762,0.0503,0.3265
2022-02-11,12503,160224.68,172727.68,1232,6678.54,7910.54,0.044,0.5636,0.6076,7844.56,166687.58,174532.14,1588.24,4977.67,6565.91,0.0275,0.5853,0.6128,18,49121.72,49139.72,2,-1253.73,-1251.73,0.0001,0.1728,0.1729,0,8611.04,8611.04,0,-1025.41,-1025.41,0,0.0302,0.0302,2281,20452.82,22733.82,562,-1362.06,-800.06,0.008,0.0719,0.0799,2886,7424.77,10310.77,481,331,812,0.0101,0.0261,0.0362,26956.48,12749.74,39706.22,-1967.01,1812.86,-154.15,0.0948,0.0448,0.1396,76024.46,15288.85,91313.31,-685.13,1316.34,631.21,0.267,0.0537,0.3207
2022-02-18,11001,158642.87,169643.87,-1502,-1581.81,-3083.81,0.0386,0.5569,0.5955,8033.15,164020.92,172054.07,188.59,-2666.66,-2478.07,0.0282,0.5758,0.604,17,51477.82,51494.82,-1,2356.1,2355.1,0.0001,0.1807,0.1808,0,9159.41,9159.41,0,548.37,548.37,0,0.0322,0.0322,2575,19754.7,22329.7,294,-698.12,-404.12,0.009,0.0694,0.0784,3011,7100.77,10111.77,125,-324,-199,0.0106,0.0249,0.0355,28899.02,12486.11,41385.13,1942.54,-263.63,1678.91,0.1015,0.0438,0.1453,78449.98,15106.06,93556.04,2425.52,-182.79,2242.73,0.2754,0.053,0.3284
2022-02-25,10868,159670.01,170538.01,-133,1027.14,894.14,0.038,0.558,0.596,7701.19,163841.4,171542.59,-331.96,-179.52,-511.48,0.0268,0.5703,0.5971,16,51338.68,51354.68,-1,-139.14,-140.14,0.0001,0.1794,0.1795,0,9477.66,9477.66,0,318.25,318.25,0,0.033,0.033,2488,19860.26,22348.26,-87,105.56,18.56,0.0087,0.0694,0.0781,3302,7995.66,11297.66,291,894.89,1185.89,0.0115,0.0278,0.0393,30142.89,11769.09,41911.98,1243.87,-717.02,526.85,0.1053,0.0411,0.1464,80704.48,14290.45,94994.93,2254.5,-815.61,1438.89,0.2809,0.0497,0.3306
2022-03-04,10594,156184.04,166778.04,-274,-3415.97,-3689.97,0.0376,0.5538,0.5914,6813.04,160594.56,167407.6,-888.15,-3176.84,-4064.99,0.0242,0.571,0.5952,12,48865.92,48877.92,-4,-2364.76,-2368.76,0,0.1733,0.1733,0,9932.07,9932.07,0,454.41,454.41,0,0.0353,0.0353,2714,19831.48,22545.48,226,-28.78,197.22,0.0096,0.0703,0.0799,4773,8087.96,12860.96,1471,92.3,1563.3,0.017,0.0288,0.0458,33535.42,10310.26,43845.68,3354.53,-1458.83,1895.7,0.1189,0.0366,0.1555,77959.88,13090.31,91050.19,-2818.6,-1200.14,-4018.74,0.2772,0.0465,0.3237
2022-03-11,10237,157234.08,167471.08,-357,1040.04,683.04,0.0363,0.5581,0.5944,6840.24,158514.07,165354.31,27.2,-2080.49,-2053.29,0.0244,0.5646,0.589,7,46407.56,46414.56,-5,-2458.36,-2463.36,0,0.1647,0.1647,2,13183.49,13185.49,2,3251.42,3253.42,0,0.047,0.047,3413,15950.4,19363.4,699,-3886.08,-3187.08,0.0121,0.0566,0.0687,3497,7015,10512,-1276,-1072.96,-2348.96,0.0125,0.025,0.0375,39544.63,8921.51,48466.14,6009.21,-1388.75,4620.46,0.1404,0.0317,0.1721,79684.47,12006.74,91691.21,1724.59,-1083.57,641.02,0.2838,0.0428,0.3266
2022-03-18,9787,147258.67,157045.67,-450,-9975.41,-10425.41,0.0376,0.5662,0.6038,6190.38,146272.18,152462.56,-649.86,-12241.89,-12891.75,0.0239,0.5644,0.5883,7,45683.96,45690.96,0,-723.6,-723.6,0,0.1757,0.1757,0,12419.02,12419.02,-2,-764.47,-766.47,0,0.0479,0.0479,3457,12806.36,16263.36,44,-3144.04,-3100.04,0.0133,0.0492,0.0625,3489,6698,10187,-8,-317,-325,0.0135,0.0258,0.0393,34049.27,7015.45,41064.72,-5495.36,-1906.06,-7401.42,0.1309,0.027,0.1579,74166.26,9927.62,84093.88,-5518.21,-2079.12,-7597.33,0.2862,0.0383,0.3245
2022-03-25,10386,142025.28,152411.28,599,-5016.39,-4417.39,0.042,0.5743,0.6163,8014.06,139285.85,147299.91,1823.68,-6769.33,-4945.65,0.0326,0.5662,0.5988,0,37459.38,37459.38,-7,-8224.58,-8231.58,0,0.1515,0.1515,0,10155.57,10155.57,0,-2263.45,-2263.45,0,0.0413,0.0413,2744,12658.03,15402.03,-713,-148.33,-861.33,0.0111,0.0512,0.0623,3790,5857,9647,301,-841,-540,0.0154,0.0238,0.0392,35135.66,6911.1,42046.76,1086.39,-104.35,982.04,0.1421,0.0279,0.17,69614.73,9271.58,78886.31,-4551.53,-656.04,-5207.57,0.283,0.0377,0.3207
2022-04-01,10053,139317.26,149370.26,-333,-2708.02,-3041.02,0.0414,0.573,0.6144,6976.03,136962.78,143938.81,-1038.03,-2323.07,-3361.1,0.0288,0.5663,0.5951,0,35008.09,35008.09,0,-2451.29,-2451.29,0,0.144,0.144,0,9586.27,9586.27,0,-569.3,-569.3,0,0.0396,0.0396,3573,12251.95,15824.95,829,-406.08,422.92,0.0147,0.0504,0.0651,4345,5743,10088,555,-114,441,0.018,0.0237,0.0417,35947.56,6966.6,42914.16,811.9,55.5,867.4,0.1479,0.0287,0.1766,69751.47,8506.99,78258.46,136.74,-764.59,-627.85,0.2884,0.0352,0.3236
2022-04-08,10147,133576.6,143723.6,94,-5740.66,-5646.66,0.0439,0.5782,0.6221,7304.32,128988.99,136293.31,328.29,-7973.79,-7645.5,0.0315,0.5565,0.588,0,33520.25,33520.25,0,-1487.84,-1487.84,0,0.1451,0.1451,0,9196.91,9196.91,0,-389.36,-389.36,0,0.0397,0.0397,3233,11089.66,14322.66,-340,-1162.29,-1502.29,0.014,0.048,0.062,4290,4926,9216,-55,-817,-872,0.0185,0.0213,0.0398,32839.2,6596.5,39435.7,-3108.36,-370.1,-3478.46,0.1422,0.0286,0.1708,68870.1,8202.79,77072.89,-881.37,-304.2,-1185.57,0.2971,0.0354,0.3325
2022-04-22,10751,131232.3,141983.3,177,71.18,248.18,0.0484,0.5909,0.6393,9136.32,120858.85,129995.17,1951.59,-4111.93,-2160.34,0.0409,0.5412,0.5821,0,33052.57,33052.57,0,-267.35,-267.35,0,0.1488,0.1488,0,9358.33,9358.33,0,180.81,180.81,0,0.0419,0.0419,4661,9864.75,14525.75,155,-385.59,-230.59,0.021,0.0444,0.0654,5126,4587,9713,161,-170,-9,0.023,0.0205,0.0435,26396.33,6113.12,32509.45,-3701.53,-505.38,-4206.91,0.1189,0.0275,0.1464,65203.2,9060.07,74263.27,387.02,-466.62,-79.6,0.292,0.0406,0.3326
2022-05-06,11644.21,122948.16,134592.37,1321.04,-6558.45,-5237.41,0.0557,0.5886,0.6443,10152.32,114670.09,124822.41,-568.61,-2926.71,-3495.32,0.0485,0.5475,0.596,0,30356.07,30356.07,0,-2808.94,-2808.94,0,0.1453,0.1453,0,9815.1,9815.1,0,40.29,40.29,0,0.0469,0.0469,4246,8895.9,13141.9,14,-275,-261,0.0203,0.0426,0.0629,4731,4001,8732,27,-423,-396,0.0226,0.0191,0.0417,25099.96,5698.62,30798.58,-1593.31,132.49,-1460.82,0.1202,0.0273,0.1475,57976.68,8097.62,66074.3,-5429.77,-914.37,-6344.14,0.2768,0.0387,0.3155
2022-05-13,10509.19,124805.53,135314.72,-1135.02,1857.37,722.35,0.051,0.6058,0.6568,9365.13,113511.47,122876.6,-787.19,-1158.62,-1945.81,0.0453,0.5495,0.5948,0,26297.64,26297.64,0,-4058.43,-4058.43,0,0.1276,0.1276,0,9722.42,9722.42,0,-92.68,-92.68,0,0.0471,0.0471,4376,8645.31,13021.31,130,-250.59,-120.59,0.0212,0.042,0.0632,4834,3977,8811,103,-24,79,0.0234,0.0193,0.0427,25572.7,5815.67,31388.37,472.74,117.05,589.79,0.1241,0.0282,0.1523,57135.61,8036.86,65172.47,-841.07,-60.76,-901.83,0.2766,0.0389,0.3155
2022-05-20,9759.99,120490.51,130250.5,-749.2,-4315.02,-5064.22,0.0502,0.6197,0.6699,6386.3,110081.08,116467.38,-2978.83,-3430.39,-6409.22,0.0331,0.5701,0.6032,0,23969.53,23969.53,0,-2328.11,-2328.11,0,0.1233,0.1233,0,11108.42,11108.42,0,1386,1386,0,0.0575,0.0575,3017,7508.54,10525.54,-1359,-1136.77,-2495.77,0.0155,0.0386,0.0541,4665,3665,8330,-169,-312,-481,0.0242,0.019,0.0432,23992.55,5695.24,29687.79,-1580.15,-120.43,-1700.58,0.1234,0.0293,0.1527,49854.21,7341.84,57196.05,-7281.4,-695.02,-7976.42,0.2582,0.038,0.2962
2022-06-03,10471.96,115956.18,126428.14,860.89,-2204.64,-1343.75,0.055,0.6094,0.6644,7046.41,108874.83,115921.24,842.53,-35.13,807.4,0.0371,0.5734,0.6105,0,22478.27,22478.27,0,-1116.43,-1116.43,0,0.1181,0.1181,0,9390.18,9390.18,0,-1274.14,-1274.14,0,0.0495,0.0495,2796,6540,9336,51,-122.94,-71.94,0.0147,0.0344,0.0491,4477,3542,8019,105,147,252,0.0236,0.0187,0.0423,26493.29,5528.25,32021.54,2672.42,-40.04,2632.38,0.1392,0.0291,0.1683,49372.72,7167.56,56540.28,-246.74,-90.94,-337.68,0.26,0.0377,0.2977
2022-06-10,9525.39,118437.02,127962.41,-946.57,2480.84,1534.27,0.0499,0.62,0.6699,7012.38,110825.39,117837.77,-34.03,1950.56,1916.53,0.0367,0.5798,0.6165,0,21701.89,21701.89,0,-776.38,-776.38,0,0.1136,0.1136,0,9825.82,9825.82,0,435.64,435.64,0,0.0514,0.0514,2634,6442,9076,-162,-98,-260,0.0138,0.0337,0.0475,4161,3778,7939,-316,236,-80,0.0218,0.0198,0.0416,26617.68,5661.57,32279.25,124.39,133.32,257.71,0.1393,0.0296,0.1689,48545.73,6994.52,55540.25,-826.99,-173.04,-1000.03,0.254,0.0366,0.2906
2022-06-17,7779.24,121732,129511.24,-1746.15,3294.98,1548.83,0.041,0.6414,0.6824,5978.22,108141.33,114119.55,-1034.16,-2684.06,-3718.22,0.0315,0.5701,0.6016,0,19029.09,19029.09,0,-2672.8,-2672.8,0,0.1003,0.1003,0,9218.12,9218.12,0,-607.7,-607.7,0,0.0486,0.0486,2420,6648,9068,-214,206,-8,0.0128,0.035,0.0478,3841,3596,7437,-320,-182,-502,0.0202,0.019,0.0392,26842.46,5344.73,32187.19,224.78,-316.84,-92.06,0.1414,0.0282,0.1696,51708.81,7203.05,58911.86,3163.08,208.53,3371.61,0.2726,0.038,0.3106
2022-06-24,7666.56,121835.43,129501.99,43.32,-168.57,-125.25,0.0408,0.6476,0.6884,5785.75,105634.94,111420.69,-158.47,-3056.39,-3214.86,0.0307,0.561,0.5917,0,19358.7,19358.7,0,329.61,329.61,0,0.1029,0.1029,1,11659.68,11660.68,1,2441.56,2442.56,0,0.0619,0.0619,2331,6555,8886,-89,-93,-182,0.0124,0.0348,0.0472,3584,3666,7250,-257,70,-187,0.019,0.0195,0.0385,25246.17,5134.81,30380.98,-1596.29,-209.92,-1806.21,0.1342,0.0273,0.1615,50652.29,7304.67,57956.96,-1056.52,101.62,-954.9,0.269,0.0388,0.3078
2022-07-01,7588.25,123065.36,130653.61,-78.31,-268.57,-346.88,0.0398,0.6452,0.685,5822.4,107233.09,113055.49,36.65,97.65,134.3,0.0304,0.5604,0.5908,0,19258.26,19258.26,0,-100.44,-100.44,0,0.101,0.101,2,12869.72,12871.72,1,1181.06,1182.06,0,0.0673,0.0673,2111,6789,8900,-220,234,14,0.0111,0.0356,0.0467,3584,3697,7281,0,31,31,0.0187,0.0193,0.038,25747.57,6188.42,31935.99,501.4,1053.61,1555.01,0.135,0.0324,0.1674,49732.94,8417.38,58150.32,-919.35,1112.71,193.36,0.2599,0.044,0.3039
2022-07-08,7080.93,127610.85,134691.78,-507.32,4505.49,3998.17,0.036,0.6482,0.6842,5001,112343.74,117344.74,-821.4,5070.65,4249.25,0.0254,0.5704,0.5958,0,19848.68,19848.68,0,589.42,589.42,0,0.1008,0.1008,2,14381.6,14383.6,0,1509.88,1509.88,0,0.073,0.073,2061,7504,9565,-50,715,665,0.0105,0.0381,0.0486,3524,3957,7481,-60,260,200,0.0179,0.0201,0.038,26495.72,6277.67,32773.39,748.15,89.25,837.4,0.1346,0.0319,0.1665,49144.65,8607.57,57752.22,-588.29,190.19,-398.1,0.2495,0.0437,0.2932
