Date,CI Long Risk,CI Long Other,CI Long Total,CI Long Risk Change,CI Long Other Change,CI Long Total Change,CI Long Risk POI,CI Long Other POI,CI Long Total POI,CI Short Risk,CI Short Other,CI Short Total,CI Short Risk Change,CI Short Other Change,CI Short Total Change,CI Short Risk POI,CI Short Other POI,CI Short Total POI,IF Long Risk,IF Long Other,IF Long Total,IF Long Risk Change,IF Long Other Change,IF Long Total Change,IF Long Risk POI,IF Long Other POI,IF Long Total POI,IF Short Risk,IF Short Other,IF Short Total,IF Short Risk Change,IF Short Other Change,IF Short Total Change,IF Short Risk POI,IF Short Other POI,IF Short Total POI,OFI Long Risk,OFI Long Other,OFI Long Total,OFI Long Risk Change,OFI Long Other Change,OFI Long Total Change,OFI Long Risk POI,OFI Long Other POI,OFI Long Total POI,OFI Short Risk,OFI Short Other,OFI Short Total,OFI Short Risk Change,OFI Short Other Change,OFI Short Total Change,OFI Short Risk POI,OFI Short Other POI,OFI Short Total POI,CU Long Risk,CU Long Other,CU Long Total,CU Long Risk Change,CU Long Other Change,CU Long Total Change,CU Long Risk POI,CU Long Other POI,CU Long Total POI,CU Short Risk,CU Short Other,CU Short Total,CU Short Risk Change,CU Short Other Change,CU Short Total Change,CU Short Risk POI,CU Short Other POI,CU Short Total POI
2021-11-19,860,6711,7571,-7,-29,-36,0.0558,0.4351,0.4909,781,6260,7041,29,-29,0,0.0506,0.4059,0.4565,0,2442,2442,0,191,191,0,0.1583,0.1583,0,431,431,0,-54,-54,0,0.0279,0.0279,9,662,671,-10,21,11,0.0006,0.0429,0.0435,0,222,222,0,-12,-12,0,0.0144,0.0144,2272,2467,4739,-74,-118,-192,0.1473,0.16,0.3073,4616,3113,7729,68,-28,40,0.2993,0.2018,0.5011
2021-11-26,712,6842,7554,-148,131,-17,0.0455,0.4368,0.4823,669,6491,7160,-112,231,119,0.0427,0.4144,0.4571,0,2561,2561,0,119,119,0,0.1635,0.1635,0,462,462,0,31,31,0,0.0295,0.0295,9,764,773,0,102,102,0.0006,0.0488,0.0494,0,297,297,0,75,75,0,0.019,0.019,2315,2460,4775,43,-7,36,0.1478,0.1571,0.3049,4552,3192,7744,-64,79,15,0.2906,0.2038,0.4944
2021-12-03,641,6686,7327,-71,-156,-227,0.0411,0.4289,0.47,627,6453,7080,-42,-38,-80,0.0402,0.4139,0.4541,0,2613,2613,0,52,52,0,0.1676,0.1676,0,516,516,0,54,54,0,0.0331,0.0331,9,758,767,0,-6,-6,0.0006,0.0486,0.0492,20,287,307,20,-10,10,0.0013,0.0184,0.0197,2510,2373,4883,195,-87,108,0.161,0.1522,0.3132,4563,3124,7687,11,-68,-57,0.2927,0.2004,0.4931
2021-12-10,503,7135,7638,-138,449,311,0.0314,0.4459,0.4773,474,6837,7311,-153,384,231,0.0296,0.4272,0.4568,0,2842,2842,0,229,229,0,0.1776,0.1776,0,471,471,0,-45,-45,0,0.0294,0.0294,11,829,840,2,71,73,0.0007,0.0518,0.0525,23,440,463,3,153,156,0.0014,0.0275,0.0289,2430,2253,4683,-80,-120,-200,0.1518,0.1408,0.2926,4615,3143,7758,52,19,71,0.2884,0.1964,0.4848
2022-01-21,504,7980.53,8484.53,-88,272.25,184.25,0.0317,0.502,0.5337,574,7329,7903,-10,-40,-50,0.0361,0.461,0.4971,0,2744,2744,0,-63,-63,0,0.1726,0.1726,0,348,348,0,-28,-28,0,0.0219,0.0219,0,566,566,-2,-2,-4,0,0.0356,0.0356,25,254,279,-13,130,117,0.0016,0.016,0.0176,2369,1735,4104,-182,-327,-509,0.149,0.1091,0.2581,4867,2501,7368,33,-462,-429,0.3061,0.1573,0.4634
2022-01-28,554,7885.92,8439.92,50,-94.61,-44.61,0.0348,0.4954,0.5302,685,7180,7865,111,-149,-38,0.043,0.4512,0.4942,0,2676,2676,0,-68,-68,0,0.1681,0.1681,0,332,332,0,-16,-16,0,0.0209,0.0209,0,623,623,0,57,57,0,0.0391,0.0391,25,282,307,0,28,28,0.0016,0.0177,0.0193,2407,1771,4178,38,36,74,0.1512,0.1113,0.2625,4901,2507,7408,34,6,40,0.308,0.1576,0.4656
2022-02-04,612,7752.6,8364.6,58,-134.32,-76.32,0.0384,0.4866,0.525,578,7294,7872,-107,114,7,0.0363,0.4577,0.494,0,2666,2666,0,-10,-10,0,0.1674,0.1674,0,312,312,0,-20,-20,0,0.0196,0.0196,0,420,420,0,-203,-203,0,0.0264,0.0264,25,281,306,0,-1,-1,0.0016,0.0176,0.0192,2625,1855,4480,218,84,302,0.1648,0.1164,0.2812,4840,2605,7445,-65,98,33,0.3037,0.1635,0.4672
2022-02-11,713,8211.46,8924.46,101,458.86,559.86,0.0433,0.4991,0.5424,632,7772,8404,54,478,532,0.0384,0.4724,0.5108,0,2612,2612,0,-54,-54,0,0.1588,0.1588,0,277,277,0,-35,-35,0,0.0168,0.0168,0,434,434,0,14,14,0,0.0264,0.0264,25,277,302,0,-4,-4,0.0015,0.0168,0.0183,2702,1780,4482,77,-75,2,0.1642,0.1082,0.2724,4957,2511,7468,117,-94,23,0.3013,0.1526,0.4539
2022-02-18,762,7647.33,8409.33,49,-564.13,-515.13,0.0486,0.4879,0.5365,820,7127,7947,188,-645,-457,0.0523,0.4548,0.5071,0,2399,2399,0,-213,-213,0,0.1531,0.1531,0,261,261,0,-16,-16,0,0.0167,0.0167,0,465,465,0,31,31,0,0.0297,0.0297,23,186,209,-2,-91,-93,0.0015,0.0119,0.0134,2560,1840,4400,-142,60,-82,0.1633,0.1174,0.2807,4824,2431,7255,-133,-80,-213,0.3078,0.1551,0.4629
2022-02-25,764,7770.24,8534.24,2,122.91,124.91,0.0472,0.4804,0.5276,736,7215,7951,-84,88,4,0.0454,0.4447,0.4901,0,2463,2463,0,64,64,0,0.1523,0.1523,0,261,261,0,0,0,0,0.0161,0.0161,0,466,466,0,1,1,0,0.0288,0.0288,21,178,199,-2,-8,-10,0.0013,0.011,0.0123,2767,1943,4710,207,103,310,0.1711,0.1201,0.2912,5252,2560,7812,428,129,557,0.3237,0.1578,0.4815
2022-03-04,719,7649.82,8368.82,-45,-120.42,-165.42,0.0442,0.4698,0.514,665,7486,8151,-71,271,200,0.0408,0.4598,0.5006,0,2365,2365,0,-98,-98,0,0.1452,0.1452,0,124,124,0,-137,-137,0,0.0076,0.0076,0,534,534,0,68,68,0,0.0328,0.0328,21,196,217,0,18,18,0.0013,0.012,0.0133,3074,1941,5015,257,-2,255,0.1888,0.1192,0.308,5177,2613,7790,-75,53,-22,0.318,0.1605,0.4785
2022-03-11,587,7645.24,8232.24,-132,-4.58,-136.58,0.0357,0.4644,0.5001,526,7233,7759,-139,-253,-392,0.032,0.4394,0.4714,0,1995,1995,0,-370,-370,0,0.1212,0.1212,0,103,103,0,-21,-21,0,0.0063,0.0063,0,383,383,0,-151,-151,0,0.0233,0.0233,23,155,178,2,-41,-39,0.0014,0.0094,0.0108,3381,2470,5851,307,529,836,0.2054,0.15,0.3554,5303,3118,8421,126,505,631,0.3222,0.1894,0.5116
2022-03-18,315,7521.61,7836.61,-272,-123.63,-395.63,0.0204,0.488,0.5084,316,7021,7337,-210,-212,-422,0.0205,0.4555,0.476,0,1545,1545,0,-450,-450,0,0.1002,0.1002,0,109,109,0,6,6,0,0.0071,0.0071,10,364,374,10,-19,-9,0.0006,0.0236,0.0242,3,136,139,-20,-19,-39,0.0002,0.0088,0.009,3044,2614,5658,-337,144,-193,0.1975,0.1696,0.3671,4615,3213,7828,-688,95,-593,0.2994,0.2085,0.5079
2022-03-25,383,7926.5,8309.5,68,404.89,472.89,0.024,0.4971,0.5211,322,7335,7657,6,314,320,0.0202,0.46,0.4802,0,1255,1255,0,-290,-290,0,0.0787,0.0787,0,111,111,0,2,2,0,0.007,0.007,26,440,466,16,76,92,0.0016,0.0276,0.0292,11,183,194,8,47,55,0.0007,0.0115,0.0122,3448,2467,5915,404,-147,257,0.2162,0.1547,0.3709,4903,3080,7983,288,-133,155,0.3075,0.1932,0.5007
2022-04-01,339,7614.24,7953.24,-44,-312.26,-356.26,0.0215,0.4829,0.5044,243,7133,7376,-79,-202,-281,0.0154,0.4524,0.4678,0,1214,1214,0,-41,-41,0,0.077,0.077,0,108,108,0,-3,-3,0,0.0068,0.0068,25,488,513,-1,48,47,0.0016,0.031,0.0326,20,229,249,9,46,55,0.0013,0.0145,0.0158,3891,2195,6086,443,-272,171,0.2468,0.1392,0.386,4976,3058,8034,73,-22,51,0.3156,0.1939,0.5095
2022-04-08,449,7469.37,7918.37,110,-144.87,-34.87,0.0289,0.4813,0.5102,431,7104,7535,188,-29,159,0.0278,0.4578,0.4856,0,1248,1248,0,33,33,0,0.0804,0.0804,0,110,110,0,2,2,0,0.0071,0.0071,35,469,504,10,-19,-9,0.0023,0.0302,0.0325,28,238,266,8,9,17,0.0018,0.0153,0.0171,3898,1950,5848,7,-245,-238,0.2512,0.1257,0.3769,4790,2817,7607,-186,-241,-427,0.3087,0.1815,0.4902
2022-04-22,480,6942.58,7422.58,-40,-165.87,-205.87,0.0333,0.481,0.5143,461,6530,6991,90,-368,-278,0.0319,0.4525,0.4844,0,1240,1240,0,-1,-1,0,0.0859,0.0859,0,132,132,0,23,23,0,0.0091,0.0091,35,439,474,-10,-22,-32,0.0024,0.0304,0.0328,59,214,273,12,-32,-20,0.0041,0.0148,0.0189,3476,1820,5296,-311,-110,-421,0.2408,0.1261,0.3669,4651,2384,7035,-97,-289,-386,0.3223,0.1652,0.4875
2022-05-06,515,7200.17,7715.17,34,65.23,99.23,0.0354,0.4944,0.5298,525,6903,7428,50,-89,-39,0.0361,0.4742,0.5103,0,1087,1087,0,-39,-39,0,0.0746,0.0746,0,201,201,0,17,17,0,0.0138,0.0138,49,443,492,-30,21,-9,0.0034,0.0304,0.0338,66,289,355,-2,46,44,0.0045,0.0199,0.0244,3436,1833,5269,-239,-66,-305,0.2359,0.1259,0.3618,4525,2049,6574,-82,-191,-273,0.3108,0.1407,0.4515
2022-05-13,588,7530.55,8118.55,73,330.38,403.38,0.0393,0.5034,0.5427,482,6925,7407,-43,22,-21,0.0322,0.463,0.4952,0,936,936,0,-151,-151,0,0.0626,0.0626,0,254,254,0,53,53,0,0.017,0.017,49,419,468,0,-24,-24,0.0033,0.028,0.0313,62,625,687,-4,336,332,0.0041,0.0418,0.0459,3528,1910,5438,92,77,169,0.2358,0.1277,0.3635,4651,1957,6608,126,-92,34,0.311,0.1309,0.4419
2022-05-20,671,7446.96,8117.96,83,-83.59,-0.59,0.0461,0.5121,0.5582,606,6683,7289,124,-242,-118,0.0417,0.4598,0.5015,0,964,964,0,28,28,0,0.0663,0.0663,0,265,265,0,11,11,0,0.0182,0.0182,49,374,423,0,-45,-45,0.0034,0.0257,0.0291,57,599,656,-5,-26,-31,0.0039,0.0412,0.0451,3212,1826,5038,-316,-84,-400,0.2209,0.1256,0.3465,4297,2029,6326,-354,72,-282,0.2956,0.1396,0.4352
2022-06-03,688,7534.75,8222.75,9,123.54,132.54,0.0453,0.4957,0.541,670,6864,7534,-9,280,271,0.0441,0.4517,0.4958,0,1061,1061,0,50,50,0,0.0698,0.0698,0,298,298,0,7,7,0,0.0196,0.0196,70,496,566,19,-9,10,0.0046,0.0326,0.0372,58,503,561,2,-29,-27,0.0038,0.0331,0.0369,3300,2050,5350,19,191,210,0.2171,0.1349,0.352,4297,2506,6803,-238,390,152,0.2828,0.1649,0.4477
2022-06-10,730.52,7223.27,7953.79,42.52,-311.48,-268.96,0.0487,0.4819,0.5306,678,6387.94,7065.94,8,-476.06,-468.06,0.0452,0.4262,0.4714,0,1170,1170,0,109,109,0,0.0781,0.0781,0,325,325,0,27,27,0,0.0217,0.0217,80,482,562,10,-14,-4,0.0053,0.0322,0.0375,92,376,468,34,-127,-93,0.0061,0.0251,0.0312,3231,2073,5304,-69,23,-46,0.2155,0.1383,0.3538,4601,2529,7130,304,23,327,0.307,0.1687,0.4757
2022-06-17,743.17,6857.45,7600.62,12.65,-365.82,-353.17,0.0534,0.4931,0.5465,693,5899.54,6592.54,15,-488.4,-473.4,0.0498,0.4239,0.4737,0,1036,1036,0,-134,-134,0,0.0745,0.0745,0,359,359,0,34,34,0,0.0258,0.0258,83,415,498,3,-67,-64,0.006,0.0298,0.0358,86,395,481,-6,19,13,0.0062,0.0284,0.0346,3128,1644,4772,-103,-429,-532,0.2249,0.1182,0.3431,4260,2224,6484,-341,-305,-646,0.3061,0.1598,0.4659
2022-06-24,627.69,6954.04,7581.73,-49.48,65.59,16.11,0.0442,0.4894,0.5336,613,5935.97,6548.97,-62,66.43,4.43,0.0432,0.418,0.4612,0,917,917,0,-119,-119,0,0.0645,0.0645,0,518,518,0,159,159,0,0.0365,0.0365,62,459,521,-21,44,23,0.0044,0.0323,0.0367,97,479,576,11,84,95,0.0068,0.0337,0.0405,3421,1770,5191,293,126,419,0.2407,0.1246,0.3653,4597,1962,6559,337,-262,75,0.3237,0.1381,0.4618
2022-07-01,599.59,6710.03,7309.62,-28.1,-244.01,-272.11,0.0432,0.4836,0.5268,611,6005.87,6616.87,-2,69.9,67.9,0.0442,0.4343,0.4785,0,1005.95,1005.95,0,88.95,88.95,0,0.0725,0.0725,0,585,585,0,67,67,0,0.0423,0.0423,62,461,523,0,2,2,0.0045,0.0332,0.0377,94,463,557,-3,-16,-19,0.0068,0.0335,0.0403,3311,1726,5037,-110,-44,-154,0.2386,0.1244,0.363,4006,2063,6069,-591,101,-490,0.2897,0.1492,0.4389
2022-07-08,249.55,6800.31,7049.86,-350.04,90.28,-259.76,0.0188,0.5123,0.5311,294,5892.91,6186.91,-317,-113.96,-430.96,0.0222,0.4455,0.4677,0,959.95,959.95,0,-46,-46,0,0.0723,0.0723,0,626,626,0,41,41,0,0.0473,0.0473,45,504,549,-17,43,26,0.0034,0.038,0.0414,82,515,597,-12,52,40,0.0062,0.0389,0.0451,3055,1660,4715,-256,-66,-322,0.2302,0.1251,0.3553,3782,2035,5817,-224,-28,-252,0.2859,0.1539,0.4398
2022-07-15,337.31,7676.48,8013.79,87.76,876.17,963.93,0.0229,0.5206,0.5435,452,6439,6891,158,546.09,704.09,0.0308,0.4381,0.4689,0,970.95,970.95,0,11,11,0,0.0659,0.0659,0,699,699,0,73,73,0,0.0476,0.0476,73,477,550,28,-27,1,0.005,0.0324,0.0374,92,478,570,10,-37,-27,0.0063,0.0325,0.0388,3183,2027,5210,128,367,495,0.2159,0.1375,0.3534,4110,2429,6539,328,394,722,0.2796,0.1652,0.4448
2022-07-29,439.76,7610.02,8049.78,87.91,74.47,162.38,0.0294,0.5083,0.5377,442,6442.22,6884.22,-29,214.85,185.85,0.0296,0.4317,0.4613,0,942.95,942.95,0,-62,-62,0,0.063,0.063,0,768,768,0,51,51,0,0.0515,0.0515,70,463,533,7,26,33,0.0047,0.0309,0.0356,168,448,616,70,18,88,0.0113,0.03,0.0413,3399,2048,5447,727,-431,296,0.227,0.1368,0.3638,4185,2470,6655,409,-310,99,0.2804,0.1655,0.4459
2022-08-05,405.83,7544.59,7950.42,-33.93,-65.43,-99.36,0.0273,0.5067,0.534,404,6365.75,6769.75,-38,-74.47,-112.47,0.0272,0.4288,0.456,0,959.95,959.95,0,17,17,0,0.0645,0.0645,0,802,802,0,34,34,0,0.054,0.054,80,441,521,10,-22,-12,0.0054,0.0296,0.035,115,509,624,-53,61,8,0.0077,0.0343,0.042,3414,2045,5459,15,-3,12,0.2293,0.1373,0.3666,4239,2412,6651,54,-58,-4,0.2855,0.1625,0.448
2022-08-12,448.96,7513.24,7962.2,43.13,-31.35,11.78,0.0291,0.4868,0.5159,444,6456.22,6900.22,40,90.47,130.47,0.0287,0.4172,0.4459,0,1065.95,1065.95,0,106,106,0,0.0691,0.0691,0,774,774,0,-28,-28,0,0.05,0.05,93,449,542,13,8,21,0.006,0.0291,0.0351,130,514,644,15,5,20,0.0084,0.0332,0.0416,3645,2219,5864,231,174,405,0.2362,0.1438,0.38,4631,2527,7158,392,115,507,0.2992,0.1633,0.4625
2022-08-19,425.61,7232.23,7657.84,-23.35,-281.01,-304.36,0.029,0.492,0.521,454,6144.2,6598.2,10,-312.02,-302.02,0.031,0.4193,0.4503,0,1167.95,1167.95,0,102,102,0,0.0795,0.0795,0,701,701,0,-73,-73,0,0.0478,0.0478,62,465,527,-31,16,-15,0.0042,0.0316,0.0358,182,579,761,52,65,117,0.0124,0.0395,0.0519,2970,2376,5346,-675,157,-518,0.2021,0.1616,0.3637,3948,2645,6593,-683,118,-565,0.2694,0.1805,0.4499
2022-09-02,407.17,7338.31,7745.48,-59.37,-403.58,-462.95,0.0271,0.4891,0.5162,417,6373.37,6790.37,-13,-230.01,-243.01,0.0279,0.4257,0.4536,0,968.95,968.95,0,-173,-173,0,0.0646,0.0646,0,895,895,0,190,190,0,0.0598,0.0598,77,417,494,19,19,38,0.0051,0.0278,0.0329,149,516,665,-39,-28,-67,0.01,0.0345,0.0445,3909,1887,5796,376,-15,361,0.2605,0.1258,0.3863,4567,2055,6622,-75,-27,-102,0.305,0.1373,0.4423
2022-09-09,422.18,7293.23,7715.41,15.01,-45.08,-30.07,0.0282,0.4866,0.5148,424,6321.05,6745.05,7,-52.32,-45.32,0.0283,0.4226,0.4509,0,940.95,940.95,0,-28,-28,0,0.0628,0.0628,0,926,926,0,31,31,0,0.0619,0.0619,76,453,529,-1,36,35,0.0051,0.0302,0.0353,183,551,734,34,35,69,0.0122,0.0368,0.049,3798,2005,5803,-111,118,7,0.2534,0.1338,0.3872,4439,2112,6551,-128,57,-71,0.2968,0.1412,0.438
2022-09-16,457.13,7573.14,8030.27,34.95,279.91,314.86,0.0298,0.4938,0.5236,432,6474.99,6906.99,8,153.94,161.94,0.0282,0.4231,0.4513,0,896.95,896.95,0,-44,-44,0,0.0585,0.0585,0,903,903,0,-23,-23,0,0.059,0.059,85,476,561,9,23,32,0.0055,0.031,0.0365,242,592,834,59,41,100,0.0158,0.0387,0.0545,3831,2017,5848,33,12,45,0.2498,0.1315,0.3813,4519,2142,6661,80,30,110,0.2953,0.14,0.4353
2022-09-23,370.17,6997.18,7367.35,-86.96,-575.96,-662.92,0.0258,0.4875,0.5133,473,5600.61,6073.61,41,-874.38,-833.38,0.033,0.3909,0.4239,0,864.95,864.95,0,-32,-32,0,0.0603,0.0603,0,961,961,0,58,58,0,0.0671,0.0671,53,457,510,-32,-19,-51,0.0037,0.0318,0.0355,204,611,815,-38,19,-19,0.0142,0.0426,0.0568,3500,2110,5610,-331,93,-238,0.2439,0.147,0.3909,4055,2422,6477,-464,280,-184,0.283,0.1691,0.4521
2022-09-30,408.1,6874.18,7282.28,37.93,-123,-85.07,0.0267,0.4494,0.4761,660,5584.81,6244.81,187,-16.8,170.2,0.0432,0.3657,0.4089,0,807.95,807.95,0,-57,-57,0,0.0528,0.0528,0,978,978,0,17,17,0,0.064,0.064,60,444,504,7,-13,-6,0.0039,0.029,0.0329,234,717,951,30,106,136,0.0153,0.047,0.0623,3975,2728,6703,475,618,1093,0.2599,0.1783,0.4382,4291,2805,7096,236,383,619,0.281,0.1837,0.4647
2022-10-07,345.07,7214.07,7559.14,-63.03,339.89,276.86,0.022,0.459,0.481,635,5861.07,6496.07,-25,277.26,252.26,0.0405,0.3734,0.4139,0,852.95,852.95,0,45,45,0,0.0543,0.0543,0,1091,1091,0,113,113,0,0.0695,0.0695,52,580,632,-5,133,128,0.0033,0.0369,0.0402,233,965,1198,-1,248,247,0.0148,0.0615,0.0763,4003,2671,6674,28,-57,-29,0.2547,0.1699,0.4246,4251,2661,6912,-40,-144,-184,0.2708,0.1695,0.4403
2022-10-14,403.06,7580.6,7983.66,57.99,366.53,424.52,0.0255,0.4793,0.5048,437,6157.07,6594.07,-198,296,98,0.0277,0.3898,0.4175,0,773.95,773.95,0,-79,-79,0,0.0489,0.0489,0,1034,1034,0,-57,-57,0,0.0655,0.0655,97,486,583,45,-94,-49,0.0061,0.0307,0.0368,275,779,1054,42,-186,-144,0.0174,0.0493,0.0667,4112,2364,6476,109,-307,-198,0.26,0.1495,0.4095,4570.51,2541,7111.51,319.51,-120,199.51,0.2894,0.1609,0.4503
2022-10-21,437.04,7664.22,8101.26,33.98,83.62,117.6,0.0275,0.4821,0.5096,521,6568.6,7089.6,84,411.53,495.53,0.0328,0.4136,0.4464,0,733.95,733.95,0,-40,-40,0,0.0462,0.0462,0,1148,1148,0,114,114,0,0.0723,0.0723,103,419,522,6,-67,-61,0.0065,0.0264,0.0329,267,696,963,-8,-83,-91,0.0168,0.0438,0.0606,4044,2496,6540,-68,132,64,0.2544,0.157,0.4114,4305.19,2376,6681.19,-265.32,-165,-430.32,0.2711,0.1496,0.4207
