Date,CI Long Risk,CI Long Other,CI Long Total,CI Long Risk Change,CI Long Other Change,CI Long Total Change,CI Long Risk POI,CI Long Other POI,CI Long Total POI,CI Short Risk,CI Short Other,CI Short Total,CI Short Risk Change,CI Short Other Change,CI Short Total Change,CI Short Risk POI,CI Short Other POI,CI Short Total POI,IF Long Risk,IF Long Other,IF Long Total,IF Long Risk Change,IF Long Other Change,IF Long Total Change,IF Long Risk POI,IF Long Other POI,IF Long Total POI,IF Short Risk,IF Short Other,IF Short Total,IF Short Risk Change,IF Short Other Change,IF Short Total Change,IF Short Risk POI,IF Short Other POI,IF Short Total POI,OFI Long Risk,OFI Long Other,OFI Long Total,OFI Long Risk Change,OFI Long Other Change,OFI Long Total Change,OFI Long Risk POI,OFI Long Other POI,OFI Long Total POI,OFI Short Risk,OFI Short Other,OFI Short Total,OFI Short Risk Change,OFI Short Other Change,OFI Short Total Change,OFI Short Risk POI,OFI Short Other POI,OFI Short Total POI,CU Long Risk,CU Long Other,CU Long Total,CU Long Risk Change,CU Long Other Change,CU Long Total Change,CU Long Risk POI,CU Long Other POI,CU Long Total POI,CU Short Risk,CU Short Other,CU Short Total,CU Short Risk Change,CU Short Other Change,CU Short Total Change,CU Short Risk POI,CU Short Other POI,CU Short Total POI
2021-11-19,14832,151544.6,166376.6,-627,-4900.76,-5527.76,0.0434,0.4433,0.4867,7048.78,147714.45,154763.23,-1622.03,-3868.42,-5490.45,0.0207,0.4343,0.455,6,66769.73,66775.73,-102,1882.47,1780.47,0,0.1953,0.1953,0,16285.17,16285.17,0,1533.67,1533.67,0,0.0479,0.0479,1330.91,43021.15,44352.06,-155.76,-1567.54,-1723.3,0.0039,0.1258,0.1297,11246,16618.74,27864.74,102,-405.16,-303.16,0.0331,0.0489,0.082,43057.38,21292.39,64349.77,-5164.54,-473.17,-5637.71,0.126,0.0623,0.1883,118070.96,23114.93,141185.89,-6113.17,-630.89,-6744.06,0.3472,0.068,0.4152
2021-11-26,15408,150807.59,166215.59,576,-554.01,21.99,0.0447,0.438,0.4827,7898.93,149346.7,157245.63,850.15,1632.25,2482.4,0.0231,0.4361,0.4592,1,66325.21,66326.21,-5,-442.52,-447.52,0,0.1926,0.1926,0,14579.92,14579.92,0,-1705.25,-1705.25,0,0.0426,0.0426,1569.97,42473.03,44043,239.06,-548.12,-309.06,0.0046,0.1234,0.128,11628,16651.64,28279.64,382,32.9,414.9,0.034,0.0486,0.0826,46234.69,21502.06,67736.75,3177.31,207.67,3384.98,0.1343,0.0624,0.1967,119484.72,22880.76,142365.48,1413.76,-236.17,1177.59,0.3489,0.0668,0.4157
2021-12-03,14874,145517.1,160391.1,-534,-5290.49,-5824.49,0.0437,0.4275,0.4712,8262.51,144735.56,152998.07,363.58,-4611.14,-4247.56,0.0245,0.4296,0.4541,1,65813.57,65814.57,0,-511.64,-511.64,0,0.1934,0.1934,0,13938.37,13938.37,0,-641.55,-641.55,0,0.0414,0.0414,1429.66,40104.11,41533.77,-140.31,-2368.92,-2509.23,0.0042,0.1178,0.122,11341,15443.56,26784.56,-287,-1208.08,-1495.08,0.0337,0.0458,0.0795,51761.99,20861.36,72623.35,5527.3,-640.7,4886.6,0.1521,0.0613,0.2134,121005.48,22184.35,143189.83,1520.76,-696.41,824.35,0.3592,0.0658,0.425
2021-12-10,14801,144744.22,159545.22,-73,-771.88,-844.88,0.0432,0.4225,0.4657,9084.21,145419.01,154503.22,821.7,684.45,1506.15,0.0267,0.4273,0.454,9,65301.38,65310.38,8,-512.19,-504.19,0,0.1906,0.1906,2,14323.25,14325.25,2,384.88,386.88,0,0.0421,0.0421,1479.77,39079.63,40559.4,50.11,-1024.48,-974.37,0.0043,0.1141,0.1184,11135,14074.43,25209.43,-206,-1369.13,-1575.13,0.0327,0.0414,0.0741,55186.69,21954.42,77141.11,3425.7,1093.06,4518.76,0.1611,0.0641,0.2252,122907.78,23406.01,146313.79,1903.3,1221.66,3124.96,0.3611,0.0688,0.4299
2022-01-21,13835,153761.25,167596.25,-341,-678.98,-1019.98,0.0406,0.4513,0.4919,7325.96,165853.79,173179.75,-824.59,3035.86,2211.27,0.0219,0.4951,0.517,10,75797.9,75807.9,-1,4009.05,4008.05,0,0.2225,0.2225,2,13759.97,13761.97,0,967.74,967.74,0,0.0411,0.0411,1449.8,28370.26,29820.06,-538.84,-2238.64,-2777.48,0.0043,0.0833,0.0876,11509,6127,17636,-354,1053,699,0.0344,0.0183,0.0527,44754.56,22703.34,67457.9,-1902.64,-729.79,-2632.43,0.1314,0.0666,0.198,102884.55,27561.29,130445.84,-6716.93,507.07,-6209.86,0.3071,0.0823,0.3894
2022-01-28,14399,151029.56,165428.56,564,-2731.69,-2167.69,0.042,0.4408,0.4828,7740.12,164362.13,172102.25,414.16,-1491.66,-1077.5,0.0229,0.4864,0.5093,7,74291.6,74298.6,-3,-1506.3,-1509.3,0,0.2168,0.2168,2,14649.66,14651.66,0,889.69,889.69,0,0.0434,0.0434,1373.05,30028.05,31401.1,-76.75,1657.79,1581.04,0.004,0.0876,0.0916,12102,6621,18723,593,494,1087,0.0358,0.0196,0.0554,46535.24,24998.8,71534.04,1780.68,2295.46,4076.14,0.1358,0.073,0.2088,101896.29,30519.88,132416.17,-988.26,2958.59,1970.33,0.3016,0.0903,0.3919
2022-02-04,14418,148704.18,163122.18,19,-2329.38,-2310.38,0.0428,0.4416,0.4844,8139.48,161175.49,169314.97,399.36,-3187.64,-2788.28,0.0245,0.4861,0.5106,2,74557,74559,-5,265.4,260.4,0,0.2214,0.2214,2,16548.78,16550.78,0,1899.12,1899.12,0,0.0499,0.0499,1405.54,27849.98,29255.52,32.49,-2178.07,-2145.58,0.0042,0.0827,0.0869,11772,6410.98,18182.98,-330,-210.02,-540.02,0.0355,0.0193,0.0548,46249.74,23551.21,69800.95,-489.5,-1447.59,-1937.09,0.1373,0.0699,0.2072,98378.53,29151.67,127530.2,-3517.76,-1368.21,-4885.97,0.2967,0.0879,0.3846
2022-02-11,15936,151976.17,167912.17,1518,3087.99,4605.99,0.0472,0.4498,0.497,8901.79,165146.02,174047.81,762.31,3786.53,4548.84,0.0267,0.4945,0.5212,10,74772.71,74782.71,8,120.71,128.71,0,0.2213,0.2213,2,15729.82,15731.82,0,-818.96,-818.96,0,0.0471,0.0471,1279.38,27213.98,28493.36,-126.16,-636,-762.16,0.0038,0.0805,0.0843,11975,7465.98,19440.98,203,1055,1258,0.0359,0.0224,0.0583,46240.7,20448.35,66689.05,-9.04,-3102.86,-3111.9,0.1369,0.0605,0.1974,98991.65,25750.63,124742.28,613.12,-3401.04,-2787.92,0.2964,0.0771,0.3735
2022-02-18,13945,151544.12,165489.12,-1991,-382.05,-2373.05,0.0424,0.4612,0.5036,8055.33,160910.7,168966.03,-846.46,-4185.32,-5031.78,0.0249,0.4965,0.5214,3,73166.94,73169.94,-7,-1605.77,-1612.77,0,0.2227,0.2227,0,16838.74,16838.74,-2,1108.92,1106.92,0,0.052,0.052,1393.05,26685.98,28079.03,113.67,-528,-414.33,0.0042,0.0812,0.0854,11574,7874.98,19448.98,-401,409,8,0.0357,0.0243,0.06,43326.69,18528.9,61855.59,-2914.01,-1919.45,-4833.46,0.1319,0.0564,0.1883,94248.01,24604.36,118852.37,-4743.64,-1146.27,-5889.91,0.2908,0.0759,0.3667
2022-02-25,13879,151791.61,165670.61,-66,247.49,181.49,0.0421,0.4602,0.5023,8343.9,161117.33,169461.23,288.57,206.63,495.2,0.0256,0.4948,0.5204,3,71982.8,71985.8,0,-1184.14,-1184.14,0,0.2182,0.2182,0,17424.58,17424.58,0,585.84,585.84,0,0.0535,0.0535,1242.56,26182.98,27425.54,-150.49,-503,-653.49,0.0038,0.0794,0.0832,11321,8053.98,19374.98,-253,179,-74,0.0348,0.0247,0.0595,46308.6,18483.54,64792.14,2981.91,-45.36,2936.55,0.1404,0.056,0.1964,94702.11,24637.57,119339.68,454.1,33.21,487.31,0.2909,0.0757,0.3666
2022-03-04,15761.85,146147.27,161909.12,1882.85,-5644.34,-3761.49,0.0477,0.4421,0.4898,9027.57,160911.22,169938.79,683.67,-206.11,477.56,0.0275,0.4908,0.5183,97,73022.22,73119.22,94,1046.42,1140.42,0.0003,0.2209,0.2212,0,16049.67,16049.67,0,-1374.91,-1374.91,0,0.049,0.049,1682.26,25671.98,27354.24,439.7,-511,-71.3,0.0051,0.0777,0.0828,13169,7332.98,20501.98,1848,-721,1127,0.0402,0.0224,0.0626,49163.56,19056.42,68219.98,2762.96,569.88,3332.84,0.1487,0.0576,0.2063,96625.97,24746.1,121372.07,1819.86,105.53,1925.39,0.2947,0.0755,0.3702
2022-03-11,17339.11,141640.17,158979.28,1577.26,-4502.1,-2924.84,0.0536,0.4379,0.4915,10312.98,172193.21,182506.19,1285.41,11286.99,12572.4,0.0321,0.5365,0.5686,0,67490.88,67490.88,-97,-5531.34,-5628.34,0,0.2087,0.2087,2,10766.96,10768.96,2,-5282.71,-5280.71,0,0.0335,0.0335,3036.35,21806,24842.35,1354.09,-3874.98,-2520.89,0.0094,0.0674,0.0768,14619,7274,21893,1450,-58.98,1391.02,0.0455,0.0227,0.0682,55674.23,16451.89,72126.12,6510.67,-2604.53,3906.14,0.1721,0.0509,0.223,83849.14,21969.16,105818.3,-12777.83,-2775.94,-15553.77,0.2612,0.0684,0.3296
2022-03-18,15251.5,135481.43,150732.93,-2087.61,-6158.74,-8246.35,0.0501,0.4454,0.4955,9935.49,164757.62,174693.11,-377.49,-7435.59,-7813.08,0.0329,0.5462,0.5791,0,65091.79,65091.79,0,-2399.09,-2399.09,0,0.214,0.214,0,9698.13,9698.13,-2,-1068.83,-1070.83,0,0.0321,0.0321,2800.65,20388,23188.65,-235.7,-1418,-1653.7,0.0092,0.067,0.0762,11344,7074,18418,-3275,-200,-3475,0.0376,0.0235,0.0611,49717.68,15457.14,65174.82,-5956.55,-994.75,-6951.3,0.1634,0.0508,0.2142,77995.81,20847.68,98843.49,-5853.33,-1121.48,-6974.81,0.2586,0.0691,0.3277
2022-03-25,14205.05,138939.51,153144.56,-1046.45,3458.08,2411.63,0.0459,0.4492,0.4951,9709.71,169164.58,178874.29,-225.78,4406.96,4181.18,0.0317,0.5516,0.5833,6,65442.52,65448.52,6,350.73,356.73,0,0.2116,0.2116,0,7713.76,7713.76,0,-1984.37,-1984.37,0,0.0252,0.0252,2839.71,20328,23167.71,39.06,-60,-20.94,0.0092,0.0657,0.0749,11207,6863,18070,-137,-211,-348,0.0365,0.0224,0.0589,51666.27,15900.29,67566.56,1948.59,443.15,2391.74,0.167,0.0514,0.2184,81169.28,20860.45,102029.73,3173.47,12.77,3186.24,0.2647,0.068,0.3327
2022-04-01,14211.28,140873.53,155084.81,6.23,1934.02,1940.25,0.0456,0.4519,0.4975,9313.91,172809.11,182123.02,-395.8,3644.53,3248.73,0.0301,0.5586,0.5887,4,65072.96,65076.96,-2,-369.56,-371.56,0,0.2088,0.2088,0,6490.35,6490.35,0,-1223.41,-1223.41,0,0.021,0.021,3041.97,19790,22831.97,202.26,-538,-335.74,0.0098,0.0635,0.0733,11188,6310,17498,-19,-553,-572,0.0362,0.0204,0.0566,52209.68,16508.64,68718.32,543.41,608.35,1151.76,0.1675,0.053,0.2205,80557.54,22716.43,103273.97,-611.74,1855.98,1244.24,0.2604,0.0734,0.3338
2022-04-08,13997.01,129856.63,143853.64,-214.27,-11036.11,-11250.38,0.0472,0.4377,0.4849,9391.23,163816.85,173208.08,77.32,-8992.26,-8914.94,0.0317,0.5525,0.5842,71,65767.68,65838.68,67,679.72,746.72,0.0002,0.2217,0.2219,67,5731.12,5798.12,67,-759.23,-692.23,0.0002,0.0193,0.0195,2771.14,19340,22111.14,-270.83,-450,-720.83,0.0093,0.0652,0.0745,11047,6047,17094,-141,-263,-404,0.0373,0.0204,0.0577,49056.26,15849.27,64905.53,-3153.42,-659.37,-3812.79,0.1653,0.0534,0.2187,76544.22,23866.59,100410.81,-4013.32,1150.17,-2863.15,0.2581,0.0805,0.3386
2022-04-22,13947.34,133055.94,147003.28,34.45,267.58,302.03,0.0466,0.4444,0.491,8887.32,165751.36,174638.68,-301.66,1421.77,1120.11,0.0298,0.5551,0.5849,73,69026.99,69099.99,2,816.21,818.21,0.0002,0.2306,0.2308,67,6289.38,6356.38,0,-172.52,-172.52,0.0002,0.0211,0.0213,1581.22,18507.18,20088.4,-1317.51,-798.26,-2115.77,0.0053,0.0618,0.0671,10680,6140,16820,-347,-140,-487,0.0358,0.0206,0.0564,47005.24,16189.03,63194.27,-1856.44,239.03,-1617.41,0.157,0.0541,0.2111,75767.21,25041.77,100808.98,-963.25,204.01,-759.24,0.2537,0.0839,0.3376
2022-05-06,14474.57,130260.88,144735.45,903.9,-2162.04,-1258.14,0.0493,0.4438,0.4931,8425.91,161484.5,169910.41,-131.11,-5124.4,-5255.51,0.0288,0.5519,0.5807,90,64541.75,64631.75,13,-3777.9,-3764.9,0.0003,0.2199,0.2202,67,8879.13,8946.13,20,1874.46,1894.46,0.0002,0.0303,0.0305,2157.75,16885.09,19042.84,456.8,-271.99,184.81,0.0074,0.0575,0.0649,11332,5109,16441,624,45,669,0.0387,0.0175,0.0562,47183.8,17936.56,65120.36,30.66,958.93,989.59,0.1607,0.0611,0.2218,70365.59,26921.6,97287.19,-1828.55,849.86,-978.69,0.2405,0.092,0.3325
2022-05-13,15775.36,144214.93,159990.29,1238.79,14057.05,15295.84,0.0512,0.4678,0.519,9908.47,173403.39,183311.86,1457.56,12060.89,13518.45,0.0322,0.5633,0.5955,89,61541.22,61630.22,-1,-3000.53,-3001.53,0.0003,0.1996,0.1999,70,11048.54,11118.54,3,2169.41,2172.41,0.0002,0.0359,0.0361,2667.08,16452.55,19119.63,509.33,-432.54,76.79,0.0087,0.0534,0.0621,11759,5281,17040,427,172,599,0.0382,0.0172,0.0554,47557.39,20016.31,67573.7,373.59,2079.75,2453.34,0.1542,0.0649,0.2191,67984.43,28395.46,96379.89,-2381.16,1473.86,-907.3,0.2208,0.0922,0.313
2022-05-20,15181.73,138756.08,153937.81,-593.63,-5458.85,-6052.48,0.0514,0.4702,0.5216,11106.77,165653.4,176760.17,1198.3,-7749.99,-6551.69,0.0378,0.5631,0.6009,79,62162.56,62241.56,-10,621.34,611.34,0.0003,0.2107,0.211,60,11340.82,11400.82,-10,292.28,282.28,0.0002,0.0385,0.0387,3081.35,15560.28,18641.63,414.27,-892.27,-478,0.0104,0.0527,0.0631,12079,4710,16789,320,-571,-251,0.0411,0.016,0.0571,44479.94,15788.69,60268.63,-3077.45,-4227.62,-7305.07,0.1507,0.0535,0.2042,64365.93,24884.52,89250.45,-3618.5,-3510.94,-7129.44,0.2188,0.0846,0.3034
2022-06-03,16107.22,135042.4,151149.62,-80.1,-5393.31,-5473.41,0.056,0.4691,0.5251,11525.22,162002.72,173527.94,-154.37,-5673.79,-5828.16,0.0402,0.5652,0.6054,82,63348.28,63430.28,0,-835.91,-835.91,0.0003,0.2201,0.2204,36,8938.79,8974.79,-21,-2174.82,-2195.82,0.0001,0.0312,0.0313,2760.81,14573.22,17334.03,-577.91,-175.17,-753.08,0.0096,0.0506,0.0602,12176,4201,16377,-584,-89,-673,0.0425,0.0147,0.0572,40976.14,14955.26,55931.4,-3470.91,-544.87,-4015.78,0.1424,0.052,0.1944,63492.16,24241.31,87733.47,-2056.56,-197.55,-2254.11,0.2215,0.0846,0.3061
2022-06-10,15408.91,131550.98,146959.89,-698.31,-3491.42,-4189.73,0.0546,0.4661,0.5207,10359.67,156682.93,167042.6,-1165.55,-5319.79,-6485.34,0.0366,0.5541,0.5907,82,58777.79,58859.79,0,-4570.49,-4570.49,0.0003,0.2083,0.2086,36,8755.01,8791.01,0,-183.78,-183.78,0.0001,0.031,0.0311,2464.12,14900.38,17364.5,-296.69,327.16,30.47,0.0087,0.0528,0.0615,12026,4626,16652,-150,425,275,0.0425,0.0164,0.0589,42505.64,16552.8,59058.44,1529.5,1597.54,3127.04,0.1506,0.0586,0.2092,65065.16,25194.64,90259.8,1573,953.33,2526.33,0.2301,0.0891,0.3192
2022-06-17,17115.06,130216.04,147331.1,1706.15,-1854.94,-148.79,0.0635,0.4828,0.5463,9885.52,151144.88,161030.4,-474.15,-5538.05,-6012.2,0.0366,0.5603,0.5969,83,53781.37,53864.37,1,-4996.42,-4995.42,0.0003,0.1994,0.1997,47,10712.98,10759.98,11,1957.97,1968.97,0.0002,0.0397,0.0399,2422.4,14146.52,16568.92,-41.72,-753.86,-795.58,0.009,0.0525,0.0615,12575,4845,17420,549,219,768,0.0466,0.018,0.0646,37567.22,14381.43,51948.65,-4938.42,-2146.37,-7084.79,0.1393,0.0533,0.1926,57189.11,23373.71,80562.82,-7876.05,-1795.93,-9671.98,0.212,0.0866,0.2986
2022-06-24,16815.32,131769.86,148585.18,1.26,1318.82,1320.08,0.0625,0.4895,0.552,9437.13,149880.89,159318.02,-275.39,-1088.98,-1364.37,0.0352,0.5589,0.5941,203,54442.83,54645.83,120,661.46,781.46,0.0008,0.2022,0.203,215,10680.77,10895.77,168,-32.21,135.79,0.0008,0.0398,0.0406,2491.13,12474.76,14965.89,68.73,-1671.76,-1603.03,0.0093,0.0463,0.0556,12524,4758,17282,-51,-87,-138,0.0467,0.0177,0.0644,37410.85,13591.32,51002.17,-150.37,-796.11,-946.48,0.139,0.0505,0.1895,59078.16,21593.11,80671.27,1889.05,-1780.6,108.45,0.2203,0.0805,0.3008
2022-07-01,17014.37,141027.45,158041.82,199.05,9257.59,9456.64,0.0609,0.5048,0.5657,9468.5,154452.8,163921.3,31.37,4571.91,4603.28,0.0341,0.5562,0.5903,273,51188.52,51461.52,70,-3254.31,-3184.31,0.001,0.1832,0.1842,249,14431.78,14680.78,34,3751.01,3785.01,0.0009,0.052,0.0529,2448.5,12063.54,14512.04,-42.63,-411.22,-453.85,0.0088,0.0432,0.052,12600,4469,17069,76,-289,-213,0.0454,0.0161,0.0615,39550.64,15821.48,55372.12,2139.79,2230.16,4369.95,0.1416,0.0566,0.1982,60908.83,21109.49,82018.32,1830.67,-483.62,1347.05,0.2193,0.076,0.2953
